
Final Epoch = 0
Error = 1.08008554557
Final Learning Rate: 0.9
Final Momentum: 0.9

# HI Weights
----------  ----------  ----------  ----------  -----------  ----------  ----------  ------------
-0.725217   -0.971905   -1.13063    -1.62455    -1.91583     -1.42346    -1.91431    -1.35362
 0.206187   -0.0516219   0.129841    0.0131225   0.0305178    0.189414   -0.190389   -0.183242
-0.21327     0.147787    0.123551    0.164406    0.212595     0.13292    -0.0172656   0.124621
-0.169638    0.0622164  -0.158479    0.197673    0.00975357  -0.0378879  -0.1046      0.121922
-0.0580131  -0.0257182  -0.276028   -0.0362743  -0.052503    -0.0277112   0.0950537  -0.000428906
-0.0626117  -0.0282455   0.0875403  -0.195829    0.0736663    0.0754944  -0.129177   -0.165284
-0.0873609  -0.0684749   0.021591   -0.0381907   0.202042    -0.186884   -0.145097   -0.161489
-0.206767   -0.523599   -0.493639   -0.70653    -0.890476    -0.718628   -0.684824   -0.737864
-0.134852   -0.0583444   0.142664   -0.179066    0.150198    -0.179512    0.21176    -0.0139328
----------  ----------  ----------  ----------  -----------  ----------  ----------  ------------
# HO Weights
---------
-0.376022
-0.745437
-0.788619
-1.37528
-1.50928
-1.23201
-1.40429
-1.1687
---------
# Input Final Changes
-----------  -----------  -----------  -----------  -----------  -----------  -----------  -----------
5.30707e-07  1.03235e-06  1.12666e-06  1.77421e-06  2.06633e-06  1.59266e-06  1.98378e-06  1.5826e-06
9.87296e-10  1.92052e-09  2.09597e-09  3.30064e-09  3.84409e-09  2.96289e-09  3.69051e-09  2.94417e-09
2.56815e-09  4.99565e-09  5.45204e-09  8.58563e-09  9.99924e-09  7.70706e-09  9.59977e-09  7.65838e-09
1.66973e-10  3.24801e-10  3.54474e-10  5.5821e-10   6.50118e-10  5.01088e-10  6.24146e-10  4.97923e-10
1.01424e-07  1.97294e-07  2.15318e-07  3.39073e-07  3.94901e-07  3.04376e-07  3.79124e-07  3.02453e-07
1.69828e-09  3.30354e-09  3.60534e-09  5.67754e-09  6.61233e-09  5.09655e-09  6.34817e-09  5.06436e-09
1.1901e-07   2.31503e-07  2.52652e-07  3.97865e-07  4.63373e-07  3.57152e-07  4.44861e-07  3.54895e-07
3.61144e-06  7.02509e-06  7.66687e-06  1.20735e-05  1.40613e-05  1.0838e-05   1.34996e-05  1.07695e-05
0            0            0            0            0            0            0            0
-----------  -----------  -----------  -----------  -----------  -----------  -----------  -----------
# Output Final Changes
------------
-3.16756e-05
-2.97108e-05
-3.33906e-05
-2.50842e-05
-2.87545e-05
-2.51905e-05
-3.1739e-05
-2.79516e-05
------------
# Input Activations
---------------------
0.0775221592086
0.000144217685148
0.000375139074078
2.43903340949e-05
0.0148153970357
0.000248073301294
0.0173842499654
0.527535625033
1.0
---------------------
# Output Activations
---------------------
0.035334451346
---------------------
# Hidden Activations
---------------------
0.424920368858
0.398563867653
0.447927485613
0.336498483372
0.385734339323
0.337924686949
0.425770643245
0.374964431239
---------------------
